505418993348140270916380448334
653075679214162823839051031073
553772678233783215960161955873
653075679214162823839051031073
636855768227574581375582111413
251432991097539156730232995064
553772678233783215960161955873
653075679214162823839051031073
636855768227574581375582111413
134364553738712548003750895123
591879629784251489938806062986
291083895112555137002184625521
553772678233783215960161955873
636855768227574581375582111413
136813364683165405305272821887
507408659392958683625532844224
495472146141255276551388521115
199960854530773352321742366329
553772678233783215960161955873
291083895112555137002184625521
536518537082514603192280572325
199960854530773352321742366329
136813364683165405305272821887
591879629784251489938806062986
507408659392958683625532844224
495472146141255276551388521115
132344139525808270735176057178
636855768227574581375582111413
653075679214162823839051031073
626118660740921003199530749313
653075679214162823839051031073
553772678233783215960161955873
134364553738712548003750895123
591879629784251489938806062986
507408659392958683625532844224
653075679214162823839051031073
117204839980074309842015023741
649009683500472098625399091167
116748490377297097623998998353
310818667890733231888735268880
636855768227574581375582111413
523358650171287704930940223196
291083895112555137002184625521
42350787707172276986788739461
303996839321053524352217703099
136813364683165405305272821887
199960854530773352321742366329
636855768227574581375582111413
199960854530773352321742366329
268440318919220014138604196698
653075679214162823839051031073
636855768227574581375582111413
536518537082514603192280572325
591879629784251489938806062986
441275636369571362461245798916
653075679214162823839051031073
636855768227574581375582111413
291083895112555137002184625521
495472146141255276551388521115
653075679214162823839051031073
441275636369571362461245798916
636855768227574581375582111413
199960854530773352321742366329
591879629784251489938806062986
636855768227574581375582111413
42350787707172276986788739461
553772678233783215960161955873
653075679214162823839051031073
251432991097539156730232995064
227625854280074764406303558231
636855768227574581375582111413
199960854530773352321742366329
268440318919220014138604196698
136813364683165405305272821887
495472146141255276551388521115
636855768227574581375582111413
303996839321053524352217703099
653075679214162823839051031073
495472146141255276551388521115
495472146141255276551388521115
251432991097539156730232995064
120033806916761405891091847336
653075679214162823839051031073
132344139525808270735176057178
649009683500472098625399091167
164825401245369319104456279553
310818667890733231888735268880
636855768227574581375582111413
523358650171287704930940223196
291083895112555137002184625521
42350787707172276986788739461
303996839321053524352217703099
136813364683165405305272821887
199960854530773352321742366329
636855768227574581375582111413
251432991097539156730232995064
636855768227574581375582111413
597672606498455186458999673938
553772678233783215960161955873
591879629784251489938806062986
597672606498455186458999673938
653075679214162823839051031073
553772678233783215960161955873
248274676375331680895956558611
134364553738712548003750895123
636855768227574581375582111413
653075679214162823839051031073
507408659392958683625532844224
536518537082514603192280572325
134364553738712548003750895123
597672606498455186458999673938
199960854530773352321742366329
653075679214162823839051031073
441275636369571362461245798916
636855768227574581375582111413
303996839321053524352217703099
653075679214162823839051031073
495472146141255276551388521115
495472146141255276551388521115
251432991097539156730232995064
120033806916761405891091847336
653075679214162823839051031073
636855768227574581375582111413
42350787707172276986788739461
251432991097539156730232995064
536518537082514603192280572325
227625854280074764406303558231
636855768227574581375582111413
13530710726762818196185027158
268440318919220014138604196698
136813364683165405305272821887
536518537082514603192280572325
268440318919220014138604196698
636855768227574581375582111413
136813364683165405305272821887
495472146141255276551388521115
636855768227574581375582111413
134364553738712548003750895123
591879629784251489938806062986
291083895112555137002184625521
553772678233783215960161955873
636855768227574581375582111413
507408659392958683625532844224
251432991097539156730232995064
303996839321053524352217703099
653075679214162823839051031073
636855768227574581375582111413
251432991097539156730232995064
507408659392958683625532844224
441275636369571362461245798916
636855768227574581375582111413
134364553738712548003750895123
591879629784251489938806062986
291083895112555137002184625521
553772678233783215960161955873
636855768227574581375582111413
268440318919220014138604196698
591879629784251489938806062986
303996839321053524352217703099
653075679214162823839051031073
199960854530773352321742366329
591879629784251489938806062986
13530710726762818196185027158
507408659392958683625532844224
310818667890733231888735268880
